2
5
9
16
17
23
42
44
45
50
51
75
82
89
97
119
122
130
137
139
145
180
181
192
194
208
214
221
223
224
225
226
232
234
236
237
243
253
257
259
260
274
281
296
297
298
300
308
309
320
329
333
335
336
338
339
340
354
366
375
376
377
378
380
381
401
409
411
412
416
418
421
440
466
478
479
486
487
492
493
512
513
514
536
550
551
588
591
616
620
626
628
635
636
646
649
651
666
668
676
679
680
696
708
727
745
746
780
791
797
804
814
818
828
838
871
888
900
913
917
919
932
934
972
1010
1011
1014
1025
1040
1047
1070
1075
1086
1089
1109
1110
1118
1129
1166
1179
1190
1226
1243
1251
1260
1262
1266
1268
1269
1285
1286
1287
1332
1337
1359
1363
1378
1379
1418
1423
1448
1450
1517
1518
1524
1537
1551
1560
1584
1587
1588
1676
1700
1713
1716
1775
1778
1837
1967
1982
2001
2032
2083
2111
2128
2148
2168
2174
2268
2296
2301
2327
2347
2374
2406
2432
2440
2444
2457
2459
2548
2555
2587
2712
2744
2755
2848
3070
3091
3104
3196
3198
3204
3264
3288
3466
3474
3491
3520
3546
3582
3595
3648
3676
3691
3698
3736
3761
3773
3817
3882
3996
4004
4021
4025
4065
4095
4101
4140
4143
4191
4214
4225
4242
4249
4285
4303
4480
4518
4594
4597
4609
4613
4695
4724
4746
4841
4870
4958
4979
5028
5061
5066
5147
5258
5715
5725
5777
5805
5875
5921
6051
6365
6387
6388
6417
6526
6837
6949
6957
7060
7120
7158
7164
7592
7745
7870
8053
8084
8696
8976
9199
9200
9240
9262
9318
9506
9545
9669
9715
9949
9965
10235
10368
10560
10985
10986
11008
11536
11675
11943
11975
12109
12112
12141
12521
13406
13409
13767
14186
14825
14835
14970
15150
15519
15619
15675
15676
16435
16462
16789
16869
16900
16901
17000
17009
17028
17138
17268
17433
17664
18208
18234
18396
18398
18423
18558
18564
18622
18721
18750
18852
18940
18946
19002
19208
19223
19295
19625
19767
19949
20041
20042
20043
20044
20045
20046
20047
20048
20049
20050
20051
20052
20053
20054
20055
20056
20057
20058
20059
20060
20061
20062
20063
20064
20065
20066
20067
20068
20069
20070
20071
20072
20073
20074
20075
20076
20077
20078
20079
20080
20081
20082
20083
20084
20085
20086
20087
20088
20089
20090
20091
20092
20093
20094
20095
20096
20097
20098
20099
20100
20101
20102
20103
20104
20105
20106
20107
20108
20109
20110
20111
20112
20113
20114
20115
