13462
13714
14177
13708
14270
13963
14752
1352413524 1353013524 13530 1477713524 13530 14777 14779
1451614516 14525
1338013380 1338213380 13382 1353013380 13382 13530 1353213380 13382 13530 13532 1370813380 13382 13530 13532 13708 1457213380 13382 13530 13532 13708 14572 14689
14300
14313
1447614476 1449914476 14499 14642
13870
13744
14069
13542
14569
1390813908 1421213908 14212 1422013908 14212 14220 1429313908 14212 14220 14293 1429713908 14212 14220 14293 14297 1431313908 14212 14220 14293 14297 14313 1435413908 14212 14220 14293 14297 14313 14354 1441813908 14212 14220 14293 14297 14313 14354 14418 1443413908 14212 14220 14293 14297 14313 14354 14418 14434 1456613908 14212 14220 14293 14297 14313 14354 14418 14434 14566 14612
14767
14761
1353013530 13744
14744
13834
13262
13856
13729
1385213852 1385613852 13856 1421213852 13856 14212 1431313852 13856 14212 14313 1436013852 13856 14212 14313 14360 14688
14485
1461214612 14744
14755
1369513695 1371413695 13714 1371713695 13714 13717 1418013695 13714 13717 14180 1451713695 13714 13717 14180 14517 14646
14539
13471
13715
1417814178 14525
1353213532 14563
1338213382 14777
14626
1462214622 14646
14544
1442314423 14539
1373513735 14376
1371713717 14569
1451714517 1456914517 14569 14744
14324
1418014180 14517
1440214402 1475114402 14751 14752
1464614646 14744
1398813988 1405513988 14055 14310
14524
13539
13688
1331513315 1338013315 13380 1338213315 13380 13382 1353013315 13380 13382 13530 1354413315 13380 13382 13530 13544 1419913315 13380 13382 13530 13544 14199 1475713315 13380 13382 13530 13544 14199 14757 1477713315 13380 13382 13530 13544 14199 14757 14777 1477913315 13380 13382 13530 13544 14199 14757 14777 14779 14783
1455114551 1456914551 14569 14744
14515
1450914509 14512
1369413694 1447613694 14476 14499
14499
1332113321 1354313321 13543 14199
1340413404 1415013404 14150 14178
1457214572 14623
14729
1461914619 1462314619 14623 14642
1383613836 1384213836 13842 1384913836 13842 13849 1403413836 13842 13849 14034 1421413836 13842 13849 14034 14214 1427013836 13842 13849 14034 14214 14270 1429313836 13842 13849 14034 14214 14270 14293 14732
14757
13739
14310
13435
14566
1365613656 14666
1327413274 1369013274 13690 1379113274 13690 13791 14785
1402814028 1467914028 14679 14744
14525
13904
14777
13877
14719
1371013710 13735
13271
1331713317 1332113317 13321 1352413317 13321 13524 1353013317 13321 13524 13530 1354313317 13321 13524 13530 13543 1477713317 13321 13524 13530 13543 14777 14779
14220
14771
1436014360 14688
14166
1431414314 14402
14491
13842
14689
14688
14698
1351213512 1353113512 13531 14293
14582
1399413994 1415013994 14150 1417813994 14150 14178 1421413994 14150 14178 14214 14270
13269
13336
13482
13790
14131
13313
14739
14549
1384913849 14313
14212
14126
14506
13507
14293
1421414214 14270
14434
14818
13615
14388
13333
14395
14055
14109
13458
13915
1388913889 1394613889 13946 1395013889 13946 13950 14220
14211
14418
14034
14389
13757
14012
1354413544 14417
1383113831 1383613831 13836 1384213831 13836 13842 1384913831 13836 13842 13849 1388913831 13836 13842 13849 13889 1390313831 13836 13842 13849 13889 13903 1394613831 13836 13842 13849 13889 13903 13946 1395013831 13836 13842 13849 13889 13903 13946 13950 1398813831 13836 13842 13849 13889 13903 13946 13950 13988 1401213831 13836 13842 13849 13889 13903 13946 13950 13988 14012 1403413831 13836 13842 13849 13889 13903 13946 13950 13988 14012 14034 1405513831 13836 13842 13849 13889 13903 13946 13950 13988 14012 14034 14055 1421413831 13836 13842 13849 13889 13903 13946 13950 13988 14012 14034 14055 14214 14270
13543
14630
14099
1326513265 1354313265 13543 14818
13721
13294
14540
13949
14573
14783
13738
14512
1332013320 1354213320 13542 1396313320 13542 13963 14211
14201
13950
14298
13660
14718
14805
14427
13900
14603
1353113531 13729
14207
1355213552 1372913552 13729 13739
1369013690 13791
1379113791 13900
1355913559 14126
14558
14376
13854
1415614156 14180
13649
1346813468 1347113468 13471 14109
13704
13890
14483
13919
13795
14642
13966
14315
14440
13903
14394
14679
1454714547 14551
14340
13611
13270
14785
14199
1339813398 1340413398 13404 13949
1395813958 14689
14417
13633
13946
14103
14316
14722
14706
1470414704 14732
14732
13702
14285
14672
14154
14563
14542
13753
14545
14297
14779
14666
13869
14736
14715
14721
14263
1415014150 14178
13874
13266
14393
14093
14770
13263
14504
14537
13787
14282
14182
13393
14550
14587
1416814168 14316
14146
1475114751 14752
14629
14623
14091
14586
13711
13709
14354
1446914469 14485
13775
14604
14697
1327213272 13272
1327213272 13272
1331713317 1332113317 13321 13543
13336
1338013380 13382
13435
13532
13615
13656
1369513695 13717
13708
13708
13714
13715
13717
13744
13744
13757
13854
13870
13890
14177
14180
14180
14310
1431414314 14402
14393
14423
14423
14434
14506
14517
14517
14524
14539
14540
14563
14563
14569
14569
14572
14622
14626
14642
14646
14646
1465514655 1465514655 14655 1468214655 14655 14682 1468214655 14655 14682 14682 1468614655 14655 14682 14682 14686 1468614655 14655 14682 14682 14686 14686 1470114655 14655 14682 14682 14686 14686 14701 1470114655 14655 14682 14682 14686 14686 14701 14701 1470914655 14655 14682 14682 14686 14686 14701 14701 14709 14709
1465514655 14655
14666
1468214682 14682
1468614686 14686
14689
14697
1470114701 14701
1470914709 14709
14729
14744
14744
1475114751 14752
14755
14761
